# General information

1C1 - It's war!
19
12
1
2
0
0


# Terrain

3220003300000090220
3300003000000080010
3220222200000090011
3333002000009992020
0330000000009002202
0000009999999000330
0000999030200020003
0100903002000000000
1110900333002200000
0100900000003333003
0111811111111111111
0000902222222220000


# Buildings

# Ally
10,1,1,0
7,1,1,1
8,0,1,1
8,2,1,1

# Ennemy
1,17,2,0
2,11,2,1
2,15,2,1
2,16,2,1
3,10,2,1

# Neutral
1,3,0,1
1,4,0,1
9,7,0,1
9,8,0,1
11,16,0,1
11,17,0,1


# Units

# Ally
4,2,1,Mech,10
5,2,1,Tank,10
6,1,1,Infantry,10
6,2,1,Artillery,10
6,3,1,Anti-Air,10
9,1,1,Infantry,10
9,3,1,Tank,10
10,1,1,Mech,10
10,2,1,Artillery,10
10,3,1,Medium Tank,10
11,2,1,Rig,10
11,3,1,Recon,10

# Ennemy
1,8,2,Infantry,10
1,13,2,Tank,10
1,15,2,Anti-Air,10
2,9,2,Infantry,10
2,16,2,Rockets,10
3,6,2,Tank,10
3,10,2,Artillery,10
4,15,2,Medium Tank,10
4,16,2,Anti-Air,10
7,10,2,Rockets,10
7,13,2,Mech,10
7,16,2,Infantry,10
7,17,2,Infantry,10
8,14,2,Mech,10
9,11,2,Artillery,10
10,8,2,Tank,10
10,16,2,Anti-Air,10