# General information

1C1 - Gunfighter!
18
12
1
2
0
0


# Terrain

222222300000000003
000003000100000000
000000300111111100
000000330000000100
000000033000000100
200002203320202102
999999999999999899
000000000333002100
000000000230000120
001111111111111102
000000000333000000
000202023330000002


# Buildings

# Ally
10,1,1,0
8,1,1,1
8,4,1,1
8,5,1,1
9,2,1,2
10,3,1,2
10,6,1,1
11,2,1,1

# Ennemy
1,15,2,0
1,9,2,1
3,11,2,1
3,14,2,1
3,16,2,1
5,13,2,1
5,16,2,1

# Neutral
1,3,0,1
3,2,0,1
4,4,0,1
5,1,0,1
8,8,0,1
8,13,0,1
9,16,0,1
11,14,0,1


# Units

# Ally
8,5,1,Infantry,10
8,6,1,Artillery,10
9,4,1,Rig,10
9,5,1,Infantry,10
10,5,1,Tank,10

# Ennemy
1,6,2,Mech,10
1,11,2,Tank,10
1,15,2,Medium Tank,10
2,4,2,Infantry,10
2,7,2,Mech,10
2,9,2,Artillery,10
2,12,2,Recon,10
2,15,2,Rockets,10
3,5,2,Infantry,10
3,11,2,Rockets,10
5,15,2,Tank,10
9,15,2,Artillery,10
10,13,2,Tank,10