# General information

1C1 - Air ace!
18
14
1
2
0
0


# Terrain

666662206666666002
220662017777777110
200771116666666012
020666210066666610
666666012066666610
666666010066020610
026666011177110612
006666033066010612
000666666666676616
00066d666666676666
000066d66666212666
2000666a2300212666
011177711111110066
202066602020002266


# Buildings

# Ally
12,1,1,0
8,0,1,1
8,1,1,1
10,1,1,1
10,2,1,1
11,3,1,2

# Ennemy
8,16,2,0
1,6,2,1
1,17,2,1
2,15,2,1
3,9,2,1
4,17,2,1
5,6,2,1
5,8,2,1

# Neutral
2,1,0,2
7,12,0,1
7,14,0,1
11,10,0,2
11,11,0,1
13,12,0,1
13,13,0,1


# Units

# Ally
8,0,1,Mech,10
8,1,1,Mech,10
8,2,1,Infantry,10
9,0,1,Rig,10
9,2,1,Infantry,10
10,1,1,Transport Copter,10
11,2,1,Anti-Air,10
11,4,1,Battle Copter,10
12,1,1,Missiles,10
12,2,1,Tank,10
12,4,1,Medium Tank,10
13,2,1,Artillery,10
13,3,1,Anti-Air,10

# Ennemy
1,16,2,Tank,10
2,2,2,Tank,10
2,5,2,Infantry,10
2,12,2,Battle Copter,10
2,14,2,Bomber,10
3,13,2,Fighter,10
4,14,2,Fighter,10
5,6,2,Missiles,10
5,7,2,Battle Copter,10
6,13,2,Infantry,10
7,9,2,Infantry,10
11,7,2,Battle Copter,10
12,9,2,Tank,10